Format: Ilosc | Wynik Schrage | Czas Schrage | Wynik PreSchrage | Czas PreSchrage | Wynik Carlier | Czas Carlier
10 687 39 641 23 639 391 
100 3076 1185 3070 1280 3070 19093 
100 2977 1514 2936 1670 2748 178297 
100 6918 705 6885 792 6367 43374 
100 6936 898 6904 1076 6904 23896 
20 1299 73 1257 66 1276 1164 
200 6416 6443 6398 9287 6398 269372 
200 5785 6650 5776 8128 5776 421992 
20 1399 76 1386 56 1322 1530 
50 1513 357 1492 368 1509 16086 
500 14822 85384 14785 110702 14785 5608918 
50 3487 254 3472 241 3323 18278 
50 3659 276 3617 300 3617 10076 
6 32 23 32 11 32 46 
