Format: Ilosc | Wynik nieposortowanego | Wynik SortR | Czas SortR | Wynik 2Opt | Czas 2Opt | Wynik obu | Czas Obu
10 927 746 5 641 380 641 361 
100 5324 3936 259 3533 3405824 3072 3905419 
100 5466 4096 260 3900 1714499 3289 2396088 
100 11452 7831 257 7566 5120833 6885 3032139 
20 1905 1594 14 1299 4131 1357 5202 
20 1717 1576 11 1386 3950 1386 3870 
50 2843 1915 89 1687 374691 1520 225304 
50 4765 4013 69 3472 372343 3472 221902 
50 5903 4296 70 3617 245071 3617 233865 
6 32 34 2 32 23 32 42 
