615
10 6 5 3 1 7 2 9 4 8 

2533
3 10 6 1 8 11 5 9 7 2 4 

2092
3 9 6 1 10 5 11 8 7 2 4 12 

175
6 5 2 9 12 1 8 7 4 3 13 11 10 

811
1 11 10 7 13 14 3 12 6 9 4 2 5 8 

925
10 13 6 2 5 12 1 8 11 15 3 9 4 7 14 

2236
6 5 2 15 14 1 12 9 3 10 11 8 4 16 7 13 

2934
11 14 10 7 6 4 16 17 13 5 15 3 9 2 1 12 8 

1299
10 6 5 2 12 1 18 15 11 14 9 3 8 4 7 17 13 16 

4082
17 14 6 5 3 13 11 1 2 19 7 4 10 16 12 9 8 18 15 

6436
11 19 20 10 6 7 4 14 17 13 15 16 18 3 9 5 2 1 12 8 

8680
1 11 10 7 16 14 3 12 6 19 20 4 2 5 18 21 13 9 15 8 17 

5693
11 17 6 2 5 13 1 12 21 10 3 19 7 9 15 4 8 14 16 20 18 22 

2899
18 14 13 20 16 23 19 10 7 22 17 11 6 4 12 15 3 21 9 5 2 1 8 

6975
19 1 10 11 7 23 21 22 20 14 3 12 6 18 4 2 5 15 13 24 17 9 8 16 

7131
10 22 5 2 23 6 18 1 12 11 9 3 17 25 14 8 20 16 21 4 24 7 19 13 15 

