10
3 1 68
2 10 113
22 9 67
28 6 105
8 8 46
28 10 36
25 6 96
6 1 137
20 7 128
15 9 2

11
24 10 70
28 3 70
24 8 4
14 1 9
27 7 134
21 6 7
9 7 191
25 7 14
27 5 10
5 7 32
13 2 83

12
24 10 70
28 3 70
24 8 4
14 1 9
27 7 134
21 6 7
9 7 191
28 6 105
8 8 46
28 7 72
21 8 144
28 1 100

13
17 7 42
3 8 23
10 7 101
16 4 99
8 7 25
4 9 30
9 2 84
5 10 80
20 8 28
19 7 207
14 9 133
7 9 51
12 1 208

14
17 10 17
23 10 201
30 9 104
10 7 196
19 7 207
14 9 133
7 9 51
12 1 208
29 4 53
7 10 41
9 7 40
8 9 131
29 7 22
8 7 94

15
17 7 42
3 8 23
10 7 101
16 4 99
8 7 25
4 9 30
9 2 84
15 5 38
1 5 101
4 10 1
5 10 80
20 8 28
5 7 32
13 2 83
10 3 40

16
17 7 42
3 8 23
10 7 101
16 4 99
8 7 25
4 9 30
9 2 84
15 5 38
1 5 101
3 1 68
2 10 113
22 9 67
28 6 105
8 8 46
28 10 36
25 6 96

17
25 2 171
25 2 126
20 4 130
21 8 102
6 1 146
21 10 84
5 8 83
21 1 107
30 5 118
3 4 75
24 8 4
14 1 9
27 7 134
21 6 7
9 7 191
28 7 72
21 8 144

18
17 7 42
3 8 23
10 7 101
16 4 99
8 7 25
4 9 30
9 2 84
15 5 38
1 5 101
4 10 1
5 10 80
20 8 28
6 1 146
21 10 84
5 8 83
21 1 107
30 5 118
3 4 75

19
3 1 68
2 10 113
22 9 67
28 6 105
8 8 46
28 10 36
25 6 96
25 2 171
25 2 126
20 4 130
21 8 102
6 1 146
21 10 84
5 8 83
21 1 107
30 5 118
3 4 75
32 2 30
25 6 35

20
25 2 171
25 2 126
20 4 130
21 8 102
6 1 146
21 10 84
5 8 83
21 1 107
30 5 118
3 4 75
24 8 4
14 1 9
27 7 134
21 6 7
9 7 191
28 7 72
21 8 144
28 6 105
8 8 46
28 10 36

21
17 10 17
23 10 201
30 9 104
10 7 196
19 7 207
14 9 133
7 9 51
12 1 208
29 4 53
7 10 41
9 7 40
8 9 131
29 7 22
24 10 70
28 3 70
24 8 4
14 1 9
27 7 134
21 6 7
9 7 191
28 7 72

22
17 7 42
3 8 23
10 7 101
16 4 99
8 7 25
4 9 30
20 7 128
9 2 84
15 5 38
1 5 101
4 10 1
5 10 80
20 8 28
20 4 31
25 7 14
27 5 10
5 7 32
13 2 83
21 8 102
6 1 146
21 10 84
25 2 126

23
25 2 171
25 2 126
20 4 130
21 8 102
6 1 146
21 10 84
5 8 83
21 1 107
30 5 118
3 4 75
10 7 101
16 4 99
8 7 25
4 9 30
9 2 84
15 5 38
1 5 101
4 10 1
5 10 80
20 8 28
6 1 146
21 10 84
5 8 83

24
17 10 17
23 10 201
30 9 104
10 7 196
19 7 207
14 9 133
7 9 51
12 1 208
29 4 53
7 10 41
9 7 40
8 9 131
29 7 22
2 10 117
29 8 128
29 2 74
6 1 137
20 7 128
15 9 2
8 7 94
3 1 68
2 10 113
22 9 67
28 6 105

25
17 7 42
3 8 23
10 7 101
16 4 99
8 7 25
4 9 30
9 2 84
15 5 38
1 5 101
4 10 1
5 10 80
24 10 70
28 3 70
24 8 4
14 1 9
27 7 134
20 8 28
5 7 32
13 2 83
10 3 40
16 4 99
8 7 25
4 9 30
9 2 84
15 5 38
